1000
36.49 16.28 26.69 37.97 13.11 24.14 37.37 13.82 24.39
28.41 22.56 29.07 30.01 23.12 27.64 31.64 19.85 24.84
31.31 17.17 35.52 31.36 17.7 35.01 29.29 19.47 38.5
40.01 22.39 37.97 39.24 24.38 38.29 38.55 24.29 38.09
15.61 15.74 21.94 13.83 16.29 23.19 15 15.02 22.38
32.28 37.1 42.73 34.26 36.4 43.7 32.82 35.54 42.07
53.63 18.36 10.69 51.73 19.06 11.45 50.44 17.51 8.55
16.79 42.29 40.1 20.43 43.88 44.72 18.98 43.23 40.94
50.26 16.29 10.2 53.63 19.73 8.67 53.58 17.55 10.03
21.3 45.86 26.57 18.55 42.26 22.66 19.8 46.28 24.79
26.57 15.26 47.8 27.87 13.45 44.83 26.47 14.07 46.18
32.79 6.05 5.88 33.27 3.31 7.76 35.67 4.41 6.38
10.82 45.34 22.36 12.88 49.9 20.99 10.18 48.39 23.63
40.09 37.09 2.82 35.49 36.68 5.26 37.55 38.84 4.28
33.86 11.34 46.02 34.93 11.5 45.37 34.88 11.3 44.86
12.71 45.34 17.21 13.94 46.62 12.67 12.52 48.46 15.66
14.06 25.31 7.09 14.71 25.41 7.02 15.92 24.68 10.49
17.03 26.81 38.53 17.13 25.76 37.4 16.75 23.24 38.74
46.97 29.58 12.37 47.77 31.99 12.89 47.42 33.25 11.52
20.7 7.56 44.41 21.79 7.69 43.91 21.69 6.81 42.04
24.36 36.29 21.47 23.7 39.26 23.69 23.3 38.55 21.89
49.73 42.68 33.1 51.85 41.84 33.07 52.21 42.69 34.62
3.24 51.91 22.2 6.36 52.09 22.93 5.53 51.07 24.23
30.99 23.02 11.13 28.82 22.22 13.08 33.13 22.7 13.81
26.35 28.36 34.94 27.88 26.62 34.68 29.72 30.33 32.41
38.07 50.92 49.57 35.63 48.89 49.88 38.38 49.1 48.38
13.52 31.68 41.06 15.49 28.3 38.37 13.39 29.69 40.32
18.84 21.99 45.58 16.74 20.09 45.5 17.32 22.08 42.11
26.8 6.25 0.43 28.23 6.7 2.72 27.74 4.6 2.96
44.25 13.6 39.5 44.25 10.27 40.41 44.22 13.74 41.28
26.79 19.67 43.17 27.29 22.05 45.1 27.88 19.26 45.14
35.72 4.99 20.51 33.78 3.75 21.02 33.35 0.5 19.27
35.86 8.48 32.76 35.32 5.02 32.18 35.63 8.35 29.59
22.68 42.83 12.27 23.69 40.49 12.41 23.22 41.45 14.14
21.36 12.25 36.06 25.23 15.96 32.13 20.96 15.59 32.16
4.89 50.13 37.06 8.62 51.33 35.52 6.6 50.35 37.01
21.99 21.67 6.07 21.54 18.87 2.69 21.42 18.23 5.95
20.86 34.39 23.95 19.45 33.93 20.96 21.23 31.19 22.3
22.12 48.33 51.64 22.52 47.28 52.23 21.15 47.84 53.24
20.12 14.29 52.39 22.65 12.79 53.21 20.3 12.89 52.06
23.15 37.82 12.91 22.7 33.47 11.66 22.26 37.51 9.61
17.01 30.96 49.91 14.12 32.98 46.25 17.41 30.04 50.22
17.49 5.01 34.81 21.3 1.71 33.6 18.92 5 30.32
26.08 12.29 35.23 24.98 11.49 32.07 28.14 13.95 34.36
34.87 23.13 48.6 34.2 22.95 45.24 35.56 20.64 44.17
46.62 40.36 1.07 46.66 41.03 3.96 48.18 40.72 0.72
16.35 3.06 8.64 16.97 3.8 6.28 14.44 3.27 9.88
35.35 5.02 34.15 37.81 4.14 32.65 34.79 2.76 31.65
53.3 27.67 30.75 50.11 26.81 28.9 52.77 26.45 26.08
16.72 40.12 29.15 18.21 39.98 29.37 18.04 39.51 27.27
6.86 4.22 36.94 6.94 6.95 37.26 9.05 7.18 37.28
38.73 22.5 29.17 37.25 23.13 28.8 41.18 22.03 29.79
15.28 52.24 6.22 19.55 52.32 6 18.66 49.51 6.98
30.47 22.84 17.22 33.22 22.61 14.05 32.94 22.52 17.47
6.12 18.12 43.21 8.36 19.24 41.19 9.5 19.23 43.23
21.03 21.16 34.89 21.37 21.89 34.7 21.45 18.23 38.6
40.55 50.38 7.67 38.81 49.69 4.68 35.95 50.29 4.45
14.01 36.6 9.99 14.76 38.33 9.69 13.77 38.29 10.41
7.79 34.18 23.94 7.38 35.21 23.86 7.99 34.85 26.53
34.11 20.85 26.6 36.65 18.43 29.37 37.18 18.25 26.47
47.95 17.1 15.86 46.44 14.31 15.22 49.47 17.75 15.53
48.15 25.73 3.37 44.67 24.34 3.76 48.32 26.69 1.15
47.58 28.53 38.11 45.26 27.15 34.9 45.62 31.26 35.21
19.66 7.03 3.35 16.64 10.64 1 21.28 6.22 4.57
27.05 49.75 15.4 23.26 48.71 16.1 25.52 51.35 13.93
10.89 48.5 5.76 10.31 46.85 5.74 8.88 45.44 2.78
18.91 13.28 28.77 16.44 14.64 28.51 17.74 11.34 28.42
52.6 16.98 36 52.54 20.14 36.45 50.6 18.52 32.56
23.73 30.27 14.37 24.19 29.44 16.8 24 29.78 17.06
50.66 30.58 7.22 48.95 29.39 6 52.74 27.45 9.83
8.75 6.09 28.73 9.02 4.6 31.95 7.43 4.39 29.15
32.58 4.1 47.32 37.09 6.59 45.2 34.85 3.9 48.33
46.09 6.38 12.07 50.32 6.34 14.2 50.48 6.46 12.48
44.29 29.23 5.17 44.93 29.48 3.4 40.59 30.75 4.36
42.97 9.41 47.67 40.37 9.66 47.9 40.52 9.15 47
32.54 23.52 33.78 32.78 22.21 36.61 33.48 22.87 36.4
6.36 22.34 7.74 10.29 24.47 4.64 6.92 24.87 2.94
12.82 43.8 14.5 12.92 45.92 14.6 16.91 43.94 13.38
39.81 19.39 44.21 43.79 20.26 41.24 42.1 18.53 44.89
3.65 34.93 50.26 3.57 36.45 49.88 2.63 32.2 49.41
5.84 1.6 43.78 5.05 3.63 42.72 2.44 4.67 44.85
17.24 52.09 13.28 16.16 51.43 17.88 18.04 51.93 16.9
29.91 8.84 49.96 31.59 12.13 50.77 28.49 12.2 52.82
17.99 20.61 35.45 15.02 24.83 36.49 17.77 23.9 37.08
51.46 25.71 37.6 50.01 27.38 41.28 52.12 26.81 38.28
24.3 5.18 33.93 25.49 9.2 30.79 24.08 6.74 32.08
22.81 25.42 29.34 21.91 27.97 30.97 26.77 25.09 30.98
38.6 23.88 6 38.53 23.54 4.3 36.1 27.34 6.46
34.32 11.2 41.97 33.31 10.17 43.3 33.27 14.18 46.52
48.4 23.76 23.19 50.03 24.49 21.01 49.02 23.19 22.89
34.25 4.66 53.61 32.68 6.26 52.1 34.1 7.39 52.81
20.95 39.15 8.85 22.38 41.4 8.32 20.7 41.05 12.82
3.41 41.9 31.26 6.42 39.39 33.54 3.75 40.89 32.32
26.61 16.33 30.27 28.73 16.85 29.34 30.15 14.38 30.96
32.36 15.33 2.26 36.17 16.23 0.95 31.88 18.03 2.4
25.35 43.37 17.06 24.18 39.4 17.38 25.95 42.01 17.25
8.39 47.43 24.87 8.09 44.13 25.33 4.78 43.43 25.14
50.2 3.06 8.27 47.7 6.35 5.9 48.22 3.97 6.6
32.64 28.33 11.58 33.99 26.75 8.9 32.74 28.08 12.34
15.28 6.09 23.16 14.19 9.26 24.32 17.5 5.23 23.24
7.22 41.2 51.37 8.46 40.62 50.28 3.93 40.31 50.39
36.17 29.55 31.63 38.27 26.6 34.74 39.32 26.5 33.9
26.83 23.99 1.85 24.85 26.34 2.69 24.73 23.16 5.97
45.98 10.61 26.97 48.55 14.45 24.65 48.85 13.75 23.26
15.1 13.6 45.6 16.19 15.28 44.42 14.04 14.67 44.05
49.58 34.21 1.39 53.13 32.88 5.36 52.9 32.87 1.07
3.25 8.15 48.61 6.36 9.23 47.5 4.01 12.15 48.94
24.33 43.24 33.25 21.84 46.94 35.68 23.27 47.97 34.06
31.69 52.65 47.33 30.17 52.43 46.61 29.71 49.75 44.6
5.84 8.98 51.82 7.12 5.16 53.11 5.33 5.3 53.1
24.89 5.01 7.96 26.71 0.86 9.67 28.3 5.41 6.89
22.44 48.58 31.6 19.43 47.34 32.62 23.36 46.62 29.8
25.36 24.47 21.07 26.92 28.51 20.55 28.05 24.99 21.48
48.78 0.88 9.98 46.49 1.57 6.52 49.05 2.29 6.14
4.48 28.48 49.72 6.48 28.21 48.17 8.88 29.68 48.88
50.62 8.11 9.69 50.25 11.23 7.94 48.05 6.91 7.8
45.5 14.03 53.14 44.09 14.37 51.97 46.45 13.41 53.15
16.07 40.89 17.65 16.13 43.46 16.86 14.56 42.49 14.97
16.65 6.55 23.11 18.31 8.6 21.63 18.14 9.65 19.46
5.87 22.39 43.54 3.17 18.3 40.49 3.7 22.56 41.27
20.64 11.26 23.83 20.4 13.04 27.99 19.82 10.7 25.97
26.09 25.88 35.2 24.64 25.77 40.09 26.09 25.58 37.38
13.89 23.14 17.97 16.13 22.11 15.52 17.86 22.94 14.18
6.9 40.02 11.4 4.81 40.1 10.56 4.84 37.25 10.39
1.85 45.33 29.56 4.88 44.58 30.48 1.01 47.69 30.69
49.14 33.9 9.62 47.35 36.93 10.73 49.01 36.29 7.63
51.75 42.8 36.24 51.7 41.92 33.03 52.06 40.59 34.46
49.94 10.2 5.7 49.58 10.78 6.04 49.32 12.34 8.14
30.85 26.57 41.74 34.17 26.63 39.97 31.54 30.62 40.55
47.4 45.4 31.93 46.4 45.09 31.83 45.18 44.55 34.83
13.19 34.4 17.42 14.92 34.56 15.77 13.71 31.07 16.29
49.75 26.69 17.98 51.07 27.82 17.73 49.26 30.67 17.58
10.41 16.83 13.03 13.36 15.07 12.55 13.61 15.82 13.66
39.17 22.14 26.26 39.89 21.67 28.46 40.23 20.48 27.65
42.38 6.7 41.94 39.74 2.1 39.58 41.18 2.11 38.72
7.48 39.66 24.73 5.23 37.13 22.12 6.96 36.6 23.05
43.49 27.2 31.44 44.33 27.91 29.07 40.69 28.13 29.37
5.79 39.77 25 4.95 42.34 23.43 9.37 40.89 21.92
32.03 5.92 30.88 33.65 8.42 29.49 32.88 7.34 28.51
13.27 42.66 50.07 15 44.5 49.85 11.8 44.1 48.17
11.47 41.41 17.28 10.86 39.14 15.21 12.39 38.62 16.53
45.16 24.79 9.45 46.74 25.57 10.03 45.42 24.64 8.4
37.6 14.98 22.8 37.77 15.56 21.68 38.84 14.55 21.25
50.87 27.17 17.24 50.2 25.61 16.78 50.93 27.82 19.01
20.18 33.66 13.23 22.06 34.1 14.85 20.4 30.74 11.02
40.45 25.74 10.67 41.67 21.89 8.55 41.96 25.78 8.89
28.85 45.5 33.42 25.21 45.14 34.24 28.32 45.26 37.14
36.12 23.86 33.62 36.14 26.48 31.71 36.32 25.91 30.09
33.75 42.26 13.12 33.47 45.59 12.85 32.42 45.31 13.97
7.94 43.16 19.43 10.68 43.46 23.18 9.02 43.91 19.32
47.91 16.54 7.47 49.26 18.41 8.32 51.02 18.9 9.08
19.65 12.87 8.89 18.1 12.63 6.49 18.88 15.67 8.85
18.18 42.52 20.06 16.74 41.29 18.49 18.71 40.48 22.47
51.56 18.82 20.84 49.11 18.68 18.24 49.26 17.63 20.11
14.66 14.7 19.58 11.35 14.72 18.51 14.35 17.52 20.33
1.08 30.03 48.33 4.11 28.72 50.07 1.21 29.41 47.7
21.22 47.04 41.37 18.46 44.81 38.13 22.04 46.1 38.37
35.21 7.7 17.48 35.3 8.75 18.87 33.8 9.94 19.32
39.08 10.95 15.28 38.52 7.23 18.57 39.31 7.6 16.06
32.91 28.74 43.36 34.95 29.3 43.28 35.31 29.37 43.81
10.11 22.22 30.57 8.2 21.14 32.12 6.24 18.92 29.88
12.35 14.05 10.08 16.55 14.59 9.11 11.72 14 7.97
41.56 31.53 8.83 43.23 33.03 8.48 39.15 31.32 5.29
48.16 19.64 46.87 48.68 16.97 45.28 49.8 19.34 44.46
29.66 27.57 48.87 25.91 25.41 48.72 29.17 24.63 48.86
12.19 29.55 49.83 12 30.72 45.4 12.07 31.21 47.68
13.72 26.6 51.21 12.34 24.52 49.68 12.2 22.24 52.45
34.24 20.14 12.36 34.6 19.16 11.22 33.08 19.94 8.9
14.57 39.9 39.82 13.72 39.57 43.27 16.25 42.86 40.43
39.33 26.74 20.07 37.51 23.97 18.15 38.88 24.65 22.39
4.96 35.42 46.68 0.9 32.2 48.97 4.53 33.38 50.36
7.24 47.98 22.94 8.14 48.68 22.72 11.4 48.4 22.63
44.04 33.68 25.83 46.02 32.23 21.26 45.06 29.42 24.11
53.3 39.37 1.45 50.35 40.24 2.02 51.45 39.12 5.85
8.56 1.66 11.31 10.61 4.69 11.66 9.16 4.64 12.68
41.42 34.22 11.25 44.42 32.37 11.32 42.27 32.95 13.59
38.63 44.17 20.48 39.47 43.01 23.05 37.26 40.22 23.49
12.47 32.49 29.41 12.6 35.84 27.92 14.46 36.9 31.35
34.06 9.93 26.67 32.18 7.9 23.73 32.27 9.94 25.3
29.31 29.07 30.98 28.2 29.4 31.43 27.21 28.04 30.52
44.55 20.06 25.43 42.51 19.02 28.68 43.18 16.19 25.78
22.08 41.2 8.71 20.01 38.36 8.37 22.11 38.5 4.37
12.95 10.07 19.98 14.1 10.04 23.12 14.24 8.51 19.52
27.44 49.21 51.14 23.84 50.34 53.59 25.55 51.52 50.77
12.22 37.74 28.94 9.03 39.52 31.89 10.38 39.16 28.76
31.97 1.84 40.78 33.24 4.69 38.7 32.45 6.51 41.89
39.89 11.68 11.38 40.04 12.06 6.56 39.04 12.12 8.98
13.67 45.38 38.35 10.78 48.34 39.71 14.07 46.98 38.26
7.9 37.46 29.24 8.87 37.75 28.92 4.62 39.82 30.02
52.34 30.87 12.91 51.16 30.75 12.34 51.86 29.45 12.23
10.36 21.82 14.26 10.65 19.09 11.97 9.06 19.35 14.92
34.1 25.19 8.42 33.87 28.04 6.99 31.25 27.58 7.43
32.14 34.05 49.62 33.82 35.31 46.53 32.01 36.63 48.15
14.87 10.19 39.86 11.37 10.95 39.37 14.81 9.48 42.93
13.75 7.44 43.38 15.6 7.48 47.18 11.8 4.84 44.03
10.34 13.81 41.21 7.56 18.19 42.88 11.43 13.39 42.41
25.25 7.72 12.18 27.45 8.93 10.87 23.41 10.06 11.41
39.72 13.34 18.74 42.46 13.26 21.48 41.83 13.87 22.13
41.46 19.08 22.58 41.99 16.6 20.44 40.92 14.54 22.21
0.74 40.55 11.23 5.24 43.6 10.52 4.55 40.59 12.01
31.68 43.7 27.94 28.74 45.2 29.08 31.15 47.17 29.95
37.73 14.38 23 36.7 11.95 25.82 38.43 13.99 26.73
15.71 41.7 16.27 17.79 43.19 12.68 17.8 40.93 16.89
2.65 25.4 16.33 1.06 25.95 17.9 3.28 25.36 15.95
15.39 24.49 7.88 17.68 24.33 8.45 18.51 23.52 6.67
1.7 6.62 9.6 2.73 6.01 12.3 5.01 5.54 8.95
16.46 5.07 54.07 17.27 3.2 49.74 17.38 3.98 51.2
43.6 30.92 50.05 41.9 29.12 46.79 41.67 29.19 46.72
9.01 51.06 17.72 8.49 50.59 19.54 11.73 47.48 15.9
41.63 7.34 20.3 39.43 7.56 22.87 40.46 7.43 22.02
10.71 46.48 7.01 9.03 49.12 6.4 8.83 47.05 8.39
39.69 26.92 50.82 38.93 26.11 50.33 39.64 25.13 52.61
50.86 2.84 12.28 49.86 4.64 11.51 51.48 4.02 13.23
27.95 3.18 24.21 31.24 4.63 23.35 32.37 3.08 23.3
50.09 11.81 25.85 51.48 8.45 25.76 52.51 11.76 23.14
43.37 4.95 36.69 45.58 2.92 40.03 43.37 4.6 40.55
29.47 46.56 53.05 28.93 45.72 52.95 25.62 45.41 49.5
29.49 25.38 34.45 30.59 24.56 32.37 32.98 24 34.3
18.63 24.11 15.92 19.23 24.1 13.71 18.06 19.69 17.49
6.11 26.91 3.24 4.99 25.1 3.45 5.4 26.76 0.97
17.15 6.26 48.05 15.1 8.35 47.24 16.85 9.47 50.34
32.32 49.98 17.33 34.71 51.74 17.08 34.78 54.66 19.88
8.88 25.42 31.09 9.76 27.81 30.65 12.11 29.17 33.03
10.3 18.04 30.64 8.79 21.15 33.8 10.67 19.13 32.86
35.27 42.09 44.12 35.72 41.42 43.32 34.62 39.41 43.06
51.78 27.71 9.61 51 28.32 10.49 51.03 28.12 12.87
15.4 14.13 44 16.04 10.55 43.94 17.48 12.61 42.57
25.79 27.71 30.09 27.86 25.25 31.83 25.41 27.29 32.97
10.86 5.01 20.51 6.96 3.28 21.44 11.73 5.43 20.99
38.9 36.67 29.76 39.1 35.07 32.98 38.76 37.6 32.56
31.63 11.13 33.61 32.7 7.94 38.58 35.47 9.67 37.3
31.82 44.79 10.46 31.94 42.31 13.66 35.27 43.37 10.9
18.13 9 16.76 20.69 7.46 16.27 18.51 7.06 20.28
2.79 20.84 17.87 2.65 22.03 19.65 4.58 23.03 18.08
34.91 14.8 45.24 33.34 14.04 45.71 35.09 15.97 48.46
11.69 8.44 8.56 14.28 4.77 8.62 14.44 7.14 6.64
21.14 51.2 48.68 24.47 53.11 52.27 22.81 51.58 49.62
10.56 17.72 39.93 12.09 19 39.5 8.08 21.42 38.92
16.95 44.9 48.3 16.75 43.72 48.02 16.26 43.23 46.52
49.56 20.81 52.71 48.18 22.33 49.49 50.73 23.69 49.94
34.65 39.02 30.53 38.12 38.76 29.46 36.94 37.45 28.65
37.4 18.81 17.04 37.67 18.18 16.99 39.23 14.55 17.1
7.52 45.15 42.37 4.8 46.43 44.69 6.14 44.88 41.11
19.39 8.93 29.58 16.51 8.07 29.69 18.24 6.98 27.57
4.02 29.92 46.95 5.22 29.71 46.49 8.12 32.09 49.07
45.04 33.33 27.33 44.88 36.09 29.02 46.77 35.15 29.95
24.96 47.18 30.36 26.13 48.96 31.04 24.68 49.69 29.99
24.96 13.57 9.26 26.48 13.79 9.41 23.92 14.38 9.02
15.23 34.05 12.63 15.46 34.51 11.8 17.21 32.57 12.44
33.58 6.38 33.27 30.97 5.13 33.22 29.77 2.62 35.84
28.47 41.68 3.8 27.55 43.49 7.77 28.82 41.61 8.22
3.62 3.5 31.71 4.94 3.17 32.22 1.78 3.98 31.66
27.66 25.8 48.4 23.82 26.93 50.55 26.87 26.07 49.71
12.34 15.87 50.16 11.84 18.17 54.35 14.16 15.05 51.51
45.32 39.48 41.02 47.53 38.7 42.09 45.86 41.09 43.13
16.36 16.2 28.4 17.95 17.82 26.94 13.6 18.86 28.99
45.5 3.72 13.97 45.61 2.48 16.89 46.87 5.92 14.33
7.54 20.13 23.78 8.29 20.16 26.42 4.67 19.43 26.67
42.51 49.32 38.23 43.89 52.19 38.52 43.94 50.28 35.91
48.97 15.24 29.91 50.09 14.3 27.68 48.69 13.22 29.31
4.8 37.17 9.09 8.8 36.44 7.51 7.28 36.74 7.62
36.55 46.1 39.27 34.76 47.62 35.82 34.48 49.54 37.85
7.9 32.81 9.9 11.52 28.86 11.9 8.95 31.3 13.13
24.29 6.35 39.09 22.9 6.38 39.2 22.21 5.09 37.12
32.6 42.44 33.48 36.63 41.29 29.6 33.76 40.48 33.8
52.03 27.67 31.07 50.91 28.37 33.63 52 31.62 30.69
45.89 49.06 51.15 46.56 52.04 50.54 47.2 49.17 52.11
44.2 25.97 11.78 43.33 26.59 13.83 41.82 28.21 13.96
45.01 36.17 46.14 46.13 38.5 47.1 46.82 36.88 44.94
3.99 23.89 14.2 6.28 23.02 11.82 4.93 25.88 14.26
51.01 26.2 9.59 50.72 23.55 8.54 51.6 23.38 6.32
6.09 23.12 10.61 6.42 23.12 10.32 6.41 25.93 11.78
43.87 33.07 1.49 42.74 33.18 2.2 43.33 34.15 4.1
31.96 8.46 18.72 32.49 9.18 18.54 35.06 8.09 15.49
5.09 51.02 45.32 8.81 49.82 40.68 4.62 51.79 41.17
12.93 34.01 13.99 13.79 34.09 13.11 14.63 33.1 14.25
14.68 6.7 12.01 14.92 4.92 10.7 18.54 6.79 13.33
28.19 2.52 4.83 31.83 3.85 4.34 29.95 6.53 5.54
26.26 10.85 6.39 24.35 11.54 3.68 23.15 8.27 2.41
34.02 21.29 38.29 36.37 19.44 38.01 33.82 20.69 37.76
35.48 37.57 15.57 32.96 41.56 12.82 33.26 38.95 12.22
16.4 18.02 46.31 15.23 17.88 46.81 14.77 19.2 42.72
20.76 7.12 12.21 22.05 10.53 13.12 19.8 8.51 13.53
27.99 19.03 45.52 25.79 16.33 44.61 27.86 18.09 46.89
15.44 33.43 30.52 14.41 33.44 28.95 17.78 32.92 30.51
21.84 30.1 12.46 20.03 28.87 14.73 21.95 28.13 12.97
43.33 11.37 51.98 40.64 11.74 48.35 44.15 13.06 47.57
21.77 3.18 16.15 24.17 3.77 15.03 21.63 3.56 19.35
18.47 11.28 34.75 17.12 15.74 36.99 14.53 11.45 36.96
24.69 30.97 8.42 24.13 32.92 10.42 22.7 30.55 10.16
5.72 30.37 41.68 5.48 27.38 43.35 4.29 26.17 41.43
44.74 34.91 22.08 44.79 34.5 21.71 45.91 35.65 22.63
45.42 43.5 43.17 49.68 40.35 46.52 48.18 39.63 45.98
12.48 47.82 16.35 12.27 49.7 13.59 13.6 49.54 16.14
33.22 11.47 36.33 32.07 11.64 35.16 34.13 9.71 34.75
42.98 21.47 50.87 40.97 22.33 50.42 41.99 20.96 48.86
5.72 42.1 48.7 2.86 41.67 46.52 5.04 38.45 50.54
37.26 5.73 19.03 39.32 4.77 21 39.6 6.9 20.05
44.66 9.84 41.55 41.44 10.17 41.54 44.58 9.17 42.84
32.31 51.54 24.69 33.7 53.29 24.1 32 51.11 23.73
12.61 21.75 22.82 11.65 20.46 25.4 10.6 20.44 22.69
52.21 25.95 23.81 53.12 26.85 23.25 49.83 26.44 23.86
41.98 3.99 53.17 40.88 3.35 54.12 39.2 7.74 52.99
10.73 48.33 45.19 9.12 47.96 45.22 10.67 48.07 40.77
10 45.59 13.14 13.67 48.46 15.19 11.35 47.87 14.25
17.45 7.14 12.11 14.41 6.7 14.15 17.23 4.85 10.7
26.78 21.41 21.07 27.42 21.89 21.8 24.73 23.75 23.23
17.45 10.3 45.11 18.26 12.97 43.83 17.72 10.63 46.21
31.16 12.87 47.68 32.97 9.88 43.87 33.18 13.39 48.01
14.58 31.92 35.44 12.24 32.06 37.22 13.52 34.36 36.29
16.94 17.85 1.54 15.15 18.8 3.48 18.72 20.46 2.78
50.36 29.68 40.18 48.8 29.04 44.07 50.37 28.03 42.96
28.55 7.13 49.1 30.44 8.78 48.46 31.88 7.87 51.22
45.13 39.14 47.29 48.56 38.57 44.43 44.96 41.23 46.15
1.15 47.77 21.77 1.74 47.15 24.53 1.44 46.02 23.46
26.39 49.35 36.06 28.07 48.4 36.52 27.57 48.22 37.49
41.11 19.57 16.99 38.17 20.55 14.18 40.03 23.36 17.4
23.38 5.84 5.98 22.49 7.64 7.17 25.13 5.73 7.76
8.92 43.06 18.83 10.76 44.19 19.18 9.73 45.73 21.38
48.68 42.86 12.59 49.92 40.87 13.97 48.68 43.09 14.76
22.51 42.51 31.36 19.61 41.55 28.4 22.7 40.04 27.99
25.02 14.12 2.95 25.63 10.8 1.08 26.71 11.34 2.6
26.03 19.27 39.24 22.85 21.06 40.54 21.67 18.6 41.14
14.88 30.23 13.34 17.1 26.94 14.84 18.3 29.41 11.81
33.69 11.73 2.99 31.25 12.99 3.23 32.52 10.1 3.81
8.89 7.69 42.07 9.85 7.81 44.56 10.08 7.09 43.67
45.93 7.14 40.82 46.4 6.96 40.44 44.14 6.62 39.14
15.04 16.33 19.88 13.97 18.93 23.57 14.21 17.4 19.97
25.83 22.66 37.3 28.76 26.59 36.41 25.46 24.64 40.17
50.61 26.21 40.79 50.69 27.71 37.66 49.34 23.37 38.06
19.53 16.84 34.74 20.01 13.04 36.17 18 13.96 35.72
30.53 11.32 8.72 30.59 12.93 8.4 29.3 12.28 6.82
24.6 18 6.63 22.35 19.33 6.91 24.6 15.59 5.57
51.65 13.16 12.47 50.46 16.98 11.65 52.08 17.58 13.56
18.16 37.96 11.61 21.22 35.05 11.49 21.46 37.32 11.19
10.63 25.67 23.19 7.17 27.99 22.77 10.11 27.26 20.77
41.69 21.6 16.09 42.56 22.59 15.89 41.78 22.65 12.18
18.73 36.39 48.23 21.64 37.54 46.69 20.39 40.03 48.56
28.55 13.71 14.9 29.96 12.62 12.47 29.57 11.41 12.37
30.1 7.05 22.35 33.47 6.19 20.44 32.5 6.74 21.94
34.45 13.09 29.21 31.38 12.21 28.11 32.84 12.89 25.47
8.65 45.05 18.22 6.27 46.5 19.27 6.74 48.14 20.68
18 27.88 16.02 15.58 30.74 17.85 14.53 29.97 16.11
38.5 1.88 33.64 36.25 1.01 36.19 39.83 1.22 35.46
7.78 27.45 46.5 6.91 24.19 48.48 8.53 24.97 47.18
26.93 38.29 20.29 28.79 36.36 16.98 29.25 40.17 16.95
42.97 10.65 7.71 45.61 9.03 4.8 44.18 7.84 3.04
43.64 8.31 52.07 44.6 10.48 48.91 45.53 9.21 52.35
45.68 8.53 3.04 44.48 5.51 3.66 46.75 5.7 5.44
48.72 49.63 14.43 47.04 48.25 14.9 50.28 49.61 17.45
12.38 44.98 34.51 14.24 44.06 34.36 13.07 42.78 34.26
19.25 38.39 14.13 18.78 39.86 17.38 17.08 36.92 14.47
41.27 29.75 51.7 42.44 27.19 51.22 39.83 30.02 52.79
28.01 35.76 8.78 28.67 34.54 9.67 30.97 33.59 7.5
31.76 11.8 21.49 32.32 11.61 22.49 34.18 11.25 25.78
4.25 7.77 45.1 2.57 8.14 43.35 5.53 6.68 45.74
40.25 16.91 8.79 45.2 17.01 9.72 40.77 19.16 10.78
7.92 49.59 33.52 9.97 48.05 37.66 8.53 51.66 34.66
4.33 17.2 38.61 3.15 16.74 42.5 4.4 14.63 39.03
9.96 29.44 22.85 7.42 32.32 21.9 10.5 29.27 19.33
38.92 34.16 29.88 38.31 33.32 27.08 35.46 34.68 27.75
41.96 35.67 23.15 45.58 35.63 22.59 43.18 38.17 25.58
6.13 25.1 12.91 8.61 23.65 14.17 5.25 22.2 13.11
10.65 18.84 35.59 9.13 19.66 34.95 7.97 16.9 35.11
7.33 44.94 20.15 7.59 47.74 16.4 6.95 47.95 18.27
22.51 21.34 27.32 18.82 22.21 26.35 20.95 18.78 27.6
27.87 25.82 2.84 28.41 24.34 5.75 29.53 22.76 6.34
44.91 48.32 38.32 45.35 44.68 36.59 49.01 45.68 35.32
41.93 3.48 47.91 38.8 0.56 48.69 40.07 1.46 47.21
49.91 19.38 11.17 51.29 19.8 12.46 50.77 22.39 13.33
13.76 2.95 7.02 13.12 2.35 7.8 12.28 3.45 8.25
28.06 49.75 1.79 26.9 49.87 3.89 27.91 50.92 2.66
20.21 10.46 36.85 19.18 9.56 33.53 17.96 8.97 33.79
44.9 18.49 17.26 47.11 18.99 21.05 46.58 20.37 17.61
15.8 20.96 30.08 14.62 24.96 31.2 18.66 22.4 32.48
20.58 29.46 18.13 19.24 26.84 17.97 21.83 27.07 16.82
49.13 21.21 37.98 46.71 20.41 37.64 46.31 19.28 37.42
23.58 16.66 19.39 21.44 17.37 20.39 19.6 16.2 16.7
34.89 31.13 14.9 35.7 30.77 12.97 36.15 29.59 14.29
28.86 34.47 2.98 28.23 36.75 5.36 30.67 33.59 2.68
14.79 30.7 51.58 12.33 31.32 49.84 13.36 30.93 51.96
29.69 5.01 41.91 31.17 2.22 43.86 29.02 5.01 45.2
42.37 14.49 41.93 38.08 16.32 41.32 39.57 17.54 41.24
27.96 6.71 37.54 25.53 7.61 36.17 25.73 4.53 34.33
27.75 35.02 23.71 26.93 35.28 24.87 28.72 33.97 21.41
41.17 19.42 26.96 43.76 20.97 26.78 42.46 19.45 28.02
26.59 24.59 50.64 28.25 25.58 48.63 29.96 27.08 49.69
34.99 50.7 28.41 34 51.51 30.48 34.52 51.57 27.56
51.13 46.38 38.13 50.18 47.38 40.74 48.37 47.43 39.25
21.72 24.7 19.43 18.51 21.92 21.14 18.24 23.08 22.27
37.48 46.67 49.94 37.05 46.66 48.78 38.4 47.42 51.79
47.22 27.38 15.86 46.5 28.96 11.69 47.44 26.39 15.49
30.62 3.96 16.31 33.21 1.84 20.25 33.15 4.23 18.3
5.4 12.26 47.11 1.8 10.37 48.64 5.04 8.46 51.11
23.16 44.67 16.3 23.91 41.96 12.63 24.45 42.23 14.66
17.87 10.66 21.37 17.89 7.3 24.68 14.98 6.78 24.11
38.75 47.28 33.61 39.04 47.97 30.96 38.43 51.22 30.48
14.27 39.39 11.7 18.73 39.02 10.24 16.07 42.56 11.46
39.82 22.28 9.41 36.83 18.13 11.32 41.19 20.07 12.76
26.08 42.83 34.68 27.23 41.83 32.59 24.33 40.12 33.28
32.07 28.57 23.82 34.06 24.62 23.7 32.02 24.92 22.07
18.5 27.67 10.38 19.59 30.33 10.05 20.68 29.8 10.85
33.01 23.81 15.37 30.9 21 17.55 33.28 20.51 16.27
20.79 30.31 42.84 21.38 28.17 43.1 18.22 28 39.9
17.11 39.27 38.13 20.37 39.57 37.21 18.98 39.59 37.28
5.49 43.07 36.64 9.94 43.35 38.87 6.95 42.86 40.61
25.25 27.16 36.64 28.6 26.46 36.33 26.21 23.79 39.22
23.74 35.94 27.01 25.61 38.01 27.66 25.64 37.74 27.89
50.95 20.81 33.45 51.54 24.74 33.02 50.69 23.42 33.96
12.61 18.12 50.99 14.35 18.43 53.27 12.97 18.81 48.9
9.87 8.93 38.96 10.64 8.06 41.85 12.77 12.29 39.92
27.27 11.68 42.51 24.48 13.32 42.14 27.63 10.45 39.67
44.45 38.1 50.18 43.39 37.96 49.8 45.32 37.38 52.04
6.48 45.84 22.49 5.76 45.64 22.98 5.98 46.01 22.57
37.23 33.57 13.29 36.31 33.24 16.77 40.06 33.32 14.68
46.96 35.97 46.53 43.38 32.88 46.61 46.59 36.11 45.53
13.28 36.03 44.93 10.12 38.83 44.1 12.82 38.63 43.17
18.99 43.62 19.59 18.39 45.87 18.65 20.44 46.1 18.4
20.8 48.04 37.3 19.64 51.33 36.75 19.07 49.77 32.9
46.6 53.25 18.04 46.94 51.58 14.82 49.22 49.27 16.51
9.61 44.83 41.61 10.89 46.36 43.75 11.09 43.24 44.61
24.42 51.54 26.21 20.26 50.52 25.92 23.13 50.84 22.69
2.98 30.25 29.7 4.4 31.32 28.68 3.91 33.31 29.76
21.66 40.96 20.64 24.04 40.34 21.19 24.69 40.93 21.94
16.95 34.43 7.22 15.12 35.14 6.04 18.99 36.97 6.88
10.77 47.56 51.79 9.51 50.37 47.49 11.88 46.43 48.55
16.24 20.21 22.83 15.26 22.93 26.68 13.7 24.67 23.13
21.31 20.3 15.48 16.67 19.99 16.55 19.62 16.76 15.36
27.55 12.35 24.92 28.4 14.98 25.69 29.5 11.03 25.26
21.05 18.13 52.39 17.65 15.85 54.58 18.7 18.04 52.06
34.26 29.67 46.56 32.79 34.41 48.31 31.87 32.55 48.14
10.96 52.73 48.65 9.94 50.92 51.69 10 48.11 50.51
42.4 36.92 31.4 44.67 40.46 30.34 45.04 39.4 31.42
34 12.1 19.2 31.36 10.23 17.69 34.05 11.4 19.97
10.02 49 22.49 9.98 48.55 23.8 13.4 45.91 26.1
38.15 26.89 49.24 37.81 26.85 48.66 35.39 27.46 49.54
8.11 19.96 38.69 8.93 24.89 38.91 9.02 23.44 41.01
12.95 25 5.08 12.96 23.01 5.94 12.52 22.78 5.87
18.09 48.8 15.59 19.57 45.52 14.96 18.34 47.42 18.35
40.18 17.53 9.7 43.56 17.97 6.52 40.56 18.08 9.85
41.54 0.89 20.82 42.7 4.8 19.74 42.43 3.37 22.21
30.82 46.22 51.85 32.68 42.65 51.88 33.28 47.49 52.44
41.21 6.75 20.12 44.8 5.48 20.82 42.16 4.25 17.29
5.3 50.78 27.05 3.51 51.3 27.14 5.33 51.98 24.15
20.65 18.44 1.77 19.37 17.7 0.99 23.42 15.7 5.69
11.25 45.3 12.57 6.34 45 12.86 8.12 45.17 13.08
17.94 29.95 1.86 17.92 30.13 3.88 14.97 30.74 4.61
21.11 52.37 20.54 20.17 51.46 21.96 21.64 50.45 21.95
38.16 42.81 12.94 40.65 44.76 9.03 42.23 44.26 13.48
20.96 29.92 42.73 23.09 31.06 41.23 24.2 28.36 39.48
45.75 26.83 36.69 50.49 28.45 38.57 47.33 27.65 37.76
21.22 38.57 19.7 21.53 36.43 22.3 21.58 36.59 20.77
31.72 47.3 19.12 31.34 51.97 18.51 29.4 50.27 18.89
3.54 6.33 5.23 3.44 5.35 5.59 2.84 4.43 4.81
16.8 22.97 13.47 16.89 18.36 9.65 16.35 20.62 10.31
15.45 53.74 30.91 15.92 49.9 33.97 13.83 54.33 29.88
16.22 15.59 45.14 18.06 17.82 44.22 18.41 16.19 45.48
5.62 42.4 3.91 6.94 44.43 4.67 8.34 43.85 6.4
16.39 24.45 35.41 16.67 24.2 33.37 16.13 23.22 33.52
18.49 8.6 6.67 21.36 8.51 3.45 21.15 6.32 4.73
24.37 12.87 21.67 21.97 14.45 25.01 22.9 13.37 24.27
18.04 1.45 31.14 16.47 4.18 30.67 18.47 2.37 27.56
29.88 13.4 27.2 27.97 13.51 26.47 32.36 16.22 25.23
49.38 29.2 42.01 49.34 30.39 37.84 50.63 31.43 41.24
31.58 3.23 28.55 32.64 5 28.72 30.27 2.87 27.99
28.56 39.24 44.41 29.79 40.99 46.69 27.85 42.01 46.56
10.4 35.91 43.28 7.05 35.34 43.63 7.69 35.66 44.76
21.92 13.36 50.05 20.98 12.75 49.16 21.02 13.77 50.07
21.89 19.5 13.37 24.59 17.78 11.06 21.2 16.13 12.66
31.38 33.13 28.98 33.62 29.81 28.54 32.54 29.6 29.58
52.27 38.27 37.5 51.51 34.46 37.21 50.13 36.64 32.93
16.66 27.73 32.61 20.56 25.86 33.16 18.16 27.55 34.26
26.56 34.21 18.01 27.25 30.93 14.89 27 33.2 14.52
43.05 44.44 23.01 42.32 44.52 21.79 42.85 44.38 20.85
20.31 21.58 15.95 19.87 20.68 15.02 20.15 21.46 14.13
43.16 33 33.38 41.21 34.87 32 43.42 35.34 32.7
44.02 14.07 31.22 44.24 13.53 30.47 43.09 9.55 29.93
17.75 30.29 16.22 20.01 29.1 12.43 18.99 31.93 15.61
15.15 41.35 40.21 17.27 42.32 36.7 14.74 41.2 38.41
49.52 44.78 17.92 48.75 47.85 15.81 49.8 47.71 17.1
18.72 2.73 25.64 22.88 3.75 26.37 22.72 2.23 26.99
34.22 21.85 23.12 38.36 22.67 23.1 35.34 20.38 20.13
7.08 51 51.37 10.52 47.28 49.2 8.21 46.34 49.32
21.02 23.24 40.5 23.3 22.9 39.21 20.87 25.7 36.89
5.41 6.52 16.24 5.53 4.15 14.76 8.74 6.48 17.1
26.25 12.95 20.6 26.24 12.88 18.78 29.34 16.36 17.16
17.65 44.86 41.5 16.21 43.1 41.79 16.53 42.66 38.49
15.37 2.25 18.46 11.94 4.49 18.67 14.16 4.48 18.22
17.1 14.81 32.64 16.37 17.87 31.85 14.89 15.24 29.5
44.04 25.65 19.53 46.9 21.71 18.79 48.34 23.25 20.86
46.91 39.4 23.94 47.15 38.42 24.82 44.5 38.51 25.19
6.21 34.81 13.98 6.74 37.01 12.01 6.19 34.95 13.74
30.22 33.54 51.74 29.49 30.97 49.03 27.13 33.89 48.25
12.06 45.55 46.3 14.99 45.49 43.69 11.97 48.09 46.48
17.69 40.47 6.22 19.41 42.36 5.21 20.44 44.02 3.33
18.49 21.12 35.78 15.96 22.08 33.93 15.53 22.6 35.93
17.94 42.86 33.2 16.64 43.92 30.91 15.48 41.67 34.14
11.65 14.91 22.75 10.03 13.74 22.94 11.34 11.13 22.17
47.84 39.18 16.35 43.76 36.29 14.83 44.63 38.06 17.99
46.96 13.25 6.68 46.4 11.99 5.52 47.07 11.79 5.38
4.09 50.63 30.13 8.32 48.58 33.09 5.96 48.7 34.26
35.63 11.01 12.42 32.47 12.18 12.61 33.62 13.15 10.27
16.1 50.59 27.29 16.11 51.24 25.17 17.39 50.12 27.3
28.06 30.43 37.14 27.16 32.81 38.14 30.44 30.64 36.98
9.68 48.1 24.9 8.81 50.4 20.53 7.14 50.48 20.57
48.79 9.36 16.23 45.73 12.48 14.29 47.92 11.64 14.95
30.11 6.15 11.66 30.2 6.3 13.83 31.79 6.91 12.42
2.62 24.87 50.21 2.36 25.49 49.97 3.49 25.35 51.15
35.58 12.37 41.81 35.04 12.75 40.7 37.47 12.27 40.14
51.57 16.31 9.86 53.02 16.75 12.27 51.29 18.13 8.68
2.18 12.09 8.59 3.36 9.42 5.34 5.17 9.96 6.11
2.03 34.43 30.44 1.95 33.2 31.39 3.01 32.4 31.83
2.96 25.48 15.97 6.17 25.4 18.94 4.77 27.82 16.46
43.27 20.59 19.49 42.06 22.19 17.88 43.51 19.65 16.57
13.11 12.91 26.61 10.69 12.77 25.74 11.42 11.85 24.95
50.49 18.09 6.49 50.11 19.43 8.78 49.07 21.07 10.72
39.36 27.15 35.18 42.46 30.55 34.59 39.52 30.55 31.61
17.02 19.9 49.08 21.14 21.91 46.38 18.85 18.42 48.61
51.16 8.3 54.03 49.02 8.18 49.51 49.9 8.13 49.32
46.27 52.71 27.33 42.98 52.53 23.85 47.62 53.16 23.12
32.21 24.45 12.63 31.39 20.27 13.69 33.5 19.75 13.25
35.52 11.21 53.11 34.55 13.33 51.14 33.47 11.44 50.84
13.46 35.45 13.66 13.37 35.54 13.45 14.61 33.86 16.19
14.31 14.75 31.16 11.37 11.6 30.1 14.35 12.47 28.26
43.05 19.38 25.03 41.91 14.88 27.14 44.94 16.28 23.85
25.26 43.96 7.33 24.1 40.9 7.98 26.18 44.31 8.06
20.99 48.25 51.91 20.75 51.63 52.34 19.58 47.33 52.86
7.8 26.67 14.41 9.97 26.75 16.61 8.98 28.08 13.86
29.8 40.15 25.24 31.02 39.14 26.69 33.79 38.41 27.23
23.13 8 5.27 20.3 7.62 5.04 21.5 8.59 7.63
10.3 11.57 26.26 11.83 11.39 24.5 12.36 11.44 25.12
37.73 40.45 10.53 37.29 40.69 14.02 35.14 38.3 14.35
15.71 30.69 21.5 14.82 32.23 25.09 16.42 29.43 23.52
50.18 44.83 39.85 47.69 41.61 36.75 47.72 40.6 36.84
32.93 18.14 5.52 32.38 18.17 3.57 35.55 18.14 4.15
41.51 39.16 22.37 41.16 35.31 20.42 41.65 34.52 21.52
41.9 14.56 39.41 39.8 13.52 41.79 38.68 16.21 40.39
12.5 21.84 17.91 11.12 23.04 15.28 10.81 21.46 19
38.92 47.83 27.52 39.43 44.99 27.39 40.57 46.93 27.21
15.87 14.92 26.61 15.17 11.62 29.63 12.49 14.18 28.37
5.95 38.37 50.74 8.11 40.68 48.74 9.66 37.17 48.34
36.79 34.9 4.87 37.85 31.72 3.64 33.56 33.57 5.81
20.39 47.58 21.86 20.54 46.74 21.87 24.37 48.37 22.38
28.48 14.45 12.19 32.96 15.92 12.68 28.24 11.32 10.39
39.53 8.76 1.1 41.84 12.71 1.12 43.79 12.39 3.85
27.94 49.67 8.61 29.34 50.72 8.81 27.62 50.65 7.32
52.16 19.92 10.3 50.36 22.56 10.62 48.14 20.19 9.67
1.77 36.99 29.41 2.44 35.18 29.61 2.77 37.53 26.12
44.57 33.88 24.22 44.17 33.46 23.11 45.25 33.12 22.45
40.31 45.7 24.37 40.97 45.87 24.68 41.01 45.1 25
22.96 37.96 28.62 21.65 38.2 27.57 21.88 37.3 27.49
27.63 3.26 43.6 26.51 2.84 40.47 28.51 2.19 40.45
28.26 26.87 45.37 25.14 24.6 47.21 25.06 25.72 44.83
40.26 52.23 8.33 35.8 50.41 9.94 36.08 50.56 9.83
17.38 29.59 10.14 17.36 33.19 11.69 16.9 30.26 13.52
24.59 26.95 47.63 25.08 26.46 49.37 24.59 28.37 47.15
24.21 35.46 32.15 21.26 33.46 29.48 21.76 36.17 31.48
29.8 17.86 50.61 28.94 14.57 51.76 27.69 15.87 50.46
37.76 11.76 26.46 36.35 10.91 27.25 39.86 11.41 28.49
44.43 37.4 16.63 44.19 36.23 16.43 45.24 38.06 15.84
33.16 40.51 27.57 32.82 41.35 28.49 33.32 42.14 27.3
37.46 42.03 26.06 38.42 41.08 28.93 39.91 38.5 24.52
38.78 7.72 33.22 37.54 10.95 29.71 38.26 9.12 33.52
31.41 25.78 18.37 33.8 28.01 15.58 29.86 28.15 17.83
5.06 29.37 8.09 2.74 29.07 9.14 3.02 31.68 7.8
9.52 43.11 14.61 11.79 41.92 14.18 11.45 41.08 15.45
16.41 45.58 9.78 14.66 45.2 12.56 17.72 42.06 11.23
1.5 7.78 24.7 3.11 7.14 28.24 3.77 9.01 24.44
48.49 31.7 14.09 48.48 32.59 13.07 44.7 29.09 14.03
14.02 48.04 7.12 13.64 47.28 8.36 15.43 45.61 6.13
10.44 18.96 21.44 11.91 19.37 22.76 14.26 19.48 23.54
45.06 26.67 26.68 44.8 24.72 26.91 42.03 28.27 25.58
6.14 1.75 33.24 7.43 1.9 34.37 4.75 2.21 34.55
8.28 49.6 5.35 7.35 52.85 7.48 8.14 53.13 5.88
5.07 10.15 18.32 2.48 9.58 18.75 4.77 7.08 17.29
48.34 31.76 47.23 49.27 32.85 48.26 47.08 34.64 46.28
11.39 42.27 34.35 11.56 45.29 35.37 15.59 41.59 34.24
25.39 32.61 4.18 28.75 29.4 2.14 29.98 30.2 3.55
35.23 32.07 37.69 38.89 28.93 38.59 38.79 29.3 35.86
47.04 13.84 40.67 48.16 11.63 40.3 51.25 12.26 41.62
11.68 42.12 28.24 9.67 40.86 32.06 13.68 40.19 29.32
23.32 16.93 22.88 26.27 18.94 24.24 27.45 18.93 25.2
34.43 39.23 10.51 33.83 41.16 8.05 35.6 41.53 10.36
9.29 3.15 14 10.75 4.55 11.74 8.41 1.74 14.09
22.84 49.79 23.42 23.95 49.24 19.46 25 51.82 23.54
7.38 20.27 16.63 7.74 19.79 16.12 10.05 20.46 16.37
13.96 14.55 8.29 15.1 14.02 6.63 14.49 13.73 4.93
44.57 10.29 14.81 41.04 10.02 18.06 44.21 12.13 16.63
47.03 26.42 15.65 49.25 29.68 13.11 46.09 29.55 10.8
12.84 41.15 27.56 15.04 39.94 25.97 11.13 42.61 25.24
49.34 36.05 12.78 47.89 38.21 9.7 49.76 35.31 12.58
20.56 16.83 3.83 21.47 13.98 1.98 20.91 14.34 3.09
15.99 18.6 10.45 15.68 17.81 13.38 14.52 15.8 14.03
16.46 15.88 41.86 19.2 13.29 40.52 15.5 16.08 38.68
24.28 32.7 50.17 25.29 32.24 50.22 23.51 34.42 53.58
4.78 40.83 8.9 6.09 42.76 8.79 7.49 43.52 7
23.16 14.39 12.1 19.12 11.36 15.02 18.88 13.74 16.78
31.15 12.41 38.46 30.25 11.87 41.18 29.43 9.78 41.96
24.86 8.33 27.63 26.96 7.65 28.85 27.03 7.52 27.86
15.2 22.14 45.53 13.53 24.43 42.88 15.71 23.24 44.26
33.51 34.16 24.57 37.27 35.59 29.5 38.35 37.07 28.87
18.21 11.86 42.6 18.83 11.71 39.48 18.76 8.94 40.61
17.61 49.6 50.98 14.33 51.73 49.71 18.27 50.58 51.09
17.35 4.01 41.45 17.13 3.61 45.06 16.75 5.51 43.61
7.16 25.23 25.29 7.38 24.77 22.7 11.23 23.73 23.83
50.15 21.59 20.37 49.34 21.59 22.38 51.26 23.57 20.1
49.88 16.83 35.52 48.86 17.58 38.05 50.17 19.42 35.85
6.1 21.87 11.61 9.08 20.13 11.03 6.52 21.51 10.35
47.61 46.04 18.25 49.72 46.12 19.12 48.29 46.4 20.32
42.41 38.65 2.98 44.75 37.73 3.82 41.85 38.48 6.49
38.32 21.71 21.35 40.28 22.55 21.76 38.83 25.54 20.87
35.76 26.79 36.67 35.09 24.54 36.77 36.47 24.37 36.1
21.33 13.85 7.48 22.94 17.37 9.23 20.25 17.4 9.93
10.86 34.42 6.01 12.55 34.91 6.33 10.46 31.7 5.42
18.52 21.45 12.61 19.18 19.34 11.42 19.19 21.46 10.65
8.05 30.54 35.29 5.85 28.82 31.63 9.3 33.65 35.21
25.01 32.88 22.36 27.19 31.09 22.9 24.12 31.03 19.8
11.73 38.84 7.41 11.62 34.9 8.64 10.06 35.62 9.32
29.58 35.01 6.01 28.98 35.67 10.35 30.51 37.21 10.06
33.37 5.97 21.41 34.42 1.43 24.78 36.75 3.59 20.21
39.47 34.65 45.77 39.84 33.17 45.13 40.66 34.4 46.87
38.86 14.65 42.24 35.25 13.5 41.87 35.44 15.97 40.92
36.38 51.16 53.81 34.37 50.81 54.44 34.36 51.99 50.52
8.01 18.84 27.76 7.35 19.15 29.2 7.98 16.76 26.8
39.63 26.79 9.1 36.28 28.48 8.82 35.49 25.39 7.46
25.32 23.08 26.4 26.57 25.36 26.08 25.96 23.12 26.28
37.44 21.54 17.33 34.41 17.92 18.47 33.53 21.03 17.29
33.06 19.08 31.21 30.03 21.4 31.92 33.02 21.53 30.75
47.96 23.11 41.82 47.96 21.75 40.17 47.12 21.61 40.86
39.56 20.89 2.83 41.3 20.29 3.7 43.27 18.49 5.26
6.26 11.06 36.96 8.29 10.48 37.56 6.24 12.83 36.74
42.07 26.12 46.61 39.87 26.34 45.26 42.1 22.41 44.5
2.22 44.34 45.7 4.79 44.82 45.46 4.7 46.51 44.55
31.51 36.84 26.1 31.84 37.8 27.21 35.07 36.3 25.6
14.13 24.41 6.37 16.06 22.4 8 16.11 23.54 7.58
27.23 32.75 23.04 26.96 29.75 20.71 25.58 29.99 21.7
49.63 18.49 38.72 49.63 18.55 40.44 49.52 20.09 36.2
25.28 37.09 23.64 24.72 34.08 24.25 27.92 34.77 24.28
15.48 28.02 36.01 13.35 31.04 37.19 13.01 31.01 37.74
23.93 38.98 12.11 24.88 41.55 9.94 25.45 36.75 11.49
20.76 5.09 17.7 20.29 5.16 19.09 21.98 2.47 16.78
43.86 23.64 18.71 40.88 21.48 19.75 42.85 22.31 19.65
24.39 51.58 44.18 26.21 50.72 47.53 26.36 51.89 47.05
7.79 17.39 8.82 11.09 18.07 9.94 10.03 19.05 8.09
32.19 49.48 32.54 30.67 53.65 34.02 30.76 51.11 31.64
32.43 39.38 53.2 27.65 37.58 49.58 31.3 35.56 49.19
41.22 30 17.5 42.07 28.06 16.74 43.07 28.09 15.72
23.75 22 18.54 22.33 21.74 21.06 22.76 22.38 20.04
12.72 41.2 17.07 11.16 40.85 17.26 12.5 39.34 18.27
50.44 29.16 14.07 52.24 29.56 13.07 49.99 25.52 12.22
44.84 26.02 3.57 42.63 25.42 2.98 45.38 24.4 3.99
3.51 37.51 11.51 3.42 36.83 12.75 4.57 39.91 11.77
7.9 47.86 27.74 4.74 46.92 30.64 8.63 47.06 29.71
32.69 37.62 28.39 35.07 36.71 25.03 32.93 36.51 26.02
14.53 9.09 32.09 12.47 6.37 28.92 14.46 9.78 31.65
31.58 29.26 29.84 32.31 27.86 32.04 28.38 29.8 30.84
49.73 47.82 36.1 48.98 46.39 34.2 51.68 46.94 34.96
15.47 44.81 41.09 17.27 46.08 38.87 14.83 44.1 38.55
34.26 41.24 22.64 31.23 38.3 24.21 33.78 39.2 22.39
10.71 36.76 4.38 8.48 37.37 6.21 10.37 39.01 7.6
35.82 20.22 37.11 33.27 22.89 36.64 33.18 20.96 39.35
24.24 22.79 9.45 27.4 21.32 10.31 27.25 19.38 6.9
46.59 33.45 15.73 47.99 36.33 13.46 46.16 36.34 12.93
31.96 20.93 21.69 30.36 19 26.31 29.56 23.33 24.04
31 21.88 22.72 30.42 22.9 21.08 32.23 22.68 23.81
36.42 26.46 39.02 40.88 23.99 34.8 35.97 24.47 37.28
23.3 41.12 27.87 25.73 43.99 32.39 25.54 42.03 30.37
49.51 16.8 5.16 45.17 16.6 7.08 45.46 16.58 5.68
24.56 6.57 29.13 23.17 3.91 27.73 22.76 4.23 28.68
15.1 24.96 4.62 13.26 24.45 6.71 12.03 23.49 5.02
45.53 3.38 10.05 42.98 2.6 8.29 44.41 3.23 5.7
28.98 48.96 30.45 30.22 45.91 28.58 26.2 47.19 28.56
37.22 16.82 15.96 34.96 12.39 18.07 35.13 15.8 18.66
26.88 23.76 27.78 30 27.14 25.87 29.59 23.84 26.9
27.12 45.99 23.75 28 43.38 25.69 26.84 44.35 22.13
37.59 51.86 8.86 41.67 48.7 6.09 38.88 48.12 6.45
15.29 13.33 23.31 17.23 11.62 23.88 18.33 8.91 24.13
37.49 5.66 15.85 36.72 5.74 19.88 36.9 7.68 18.06
20.88 27.26 38.09 19.19 29.95 39.12 20.38 29.74 37.93
28.56 13.71 15.11 30.71 15.17 18.27 28.45 17.76 14.41
36.96 9.42 33.17 35.6 10.42 34.65 33.61 12.38 34.01
10.34 14.74 41.01 12.79 15.24 40.67 11.83 14.65 43.93
53.08 35.28 33.49 50.07 36.27 34.25 51.87 35.93 36.72
19.47 48.79 23.82 15.89 52.67 25.58 16.93 50.57 24.46
25.27 13.4 14.5 25.62 10.88 11.73 22.74 10.86 11.69
11.15 25.52 15.44 6.99 25.7 14.42 7.15 22.99 12.1
2.45 42.56 10.55 3.86 42.49 10.59 3.18 44.67 8.68
36.14 11.99 26.46 34.21 13.9 28.74 33.72 12.93 28.75
4.61 36.33 47.03 2.78 33.79 47.31 3.53 36.06 49.23
52.13 52.28 37.67 50.24 49.62 35.16 51.77 51.54 36.68
8.06 4.88 20.95 7.43 3.34 19.53 9.68 3.01 23.54
29.55 12.37 24.82 28.91 14.49 22.61 28.82 10.78 23.76
9.7 31.1 0.9 9.39 32.4 1.9 10.18 32.75 5.36
39.66 8.59 9.37 41.42 5.75 6.93 40.66 6.94 7.35
14.55 38.57 8.78 15.43 37.84 10.92 14.89 34.37 8.4
9.71 47.75 22.5 10.51 48.87 21.93 10.03 50.46 21.4
47.8 14.54 31.26 48.14 14.81 33.45 51.37 14.28 34.03
47.43 17.3 12.76 46.09 22.11 13.9 46.08 17.94 12.23
10.78 9.42 25.71 10.38 8.82 27.65 6.98 6.35 24.14
48.34 52.36 14.23 46.92 50.99 10.13 45.68 54.76 14.09
40.28 29.5 19.43 37.38 25.8 19.3 41.37 25.18 16.64
24.48 26.06 36.65 25.88 26.18 35.66 22.89 29.61 38.12
5.68 15.64 38.22 6.74 17.2 38.77 4.47 19.38 39.4
33.41 7.99 52.69 34.89 9.68 52.88 35.37 7.99 52.41
17.6 43.57 10.61 17.72 40.45 10.48 20.48 39.72 10.65
15.97 22.54 14.63 12.25 23.49 11.12 14.03 22.54 14.46
42.15 30.34 45.31 42.69 28.19 43.31 41.06 28.9 43.12
26.98 28.35 15.52 24.67 24.88 16.14 24.65 26.05 17.03
25.87 40.8 15.01 28.92 41.99 11.22 28.04 39.86 10.12
23.21 36.81 5.01 20.3 38.21 8.16 21.58 35.23 5.18
18.47 37.9 11.95 19.52 37.31 13.32 16.54 37.05 14.65
14.26 16.53 17.15 16.15 14.85 17.22 15.27 14.29 17.56
18.39 20.26 20.53 19.13 17.82 20.19 22.91 18.85 22.05
31.27 22.13 24.66 28.46 20.74 25.05 29.85 23.19 25.66
20.3 49.81 33.72 16 45.51 33.6 16.13 45.48 30.29
23.4 26.01 10.48 24.64 27.79 7.24 23.09 30.05 10.21
17.57 15.98 23.24 16.47 12.36 23.17 16.46 13.78 19.82
26.39 29.92 4.42 24.21 29.27 8.26 25.44 32.93 4.64
46.14 26.25 29.09 42.91 29.15 26.16 43.63 27.29 26.65
18.47 30.9 14.01 18.21 28.77 12.53 18.27 31.01 14.03
5.28 12.38 41.78 7.04 10.65 39.89 7.21 8.76 42.28
39.77 9.01 5.23 40.27 11.75 5.86 38.72 9.55 4.54
52.16 11.78 30.22 49.69 12.99 34.56 52.05 15.39 30.79
36.72 27.12 6.59 36.83 26.91 4.71 34.97 26.34 3.08
25.6 45.09 35.76 27.65 47.57 38.03 28.56 43.02 35.86
25.65 5.21 14.36 29.2 7.7 12.19 27.76 6 10.87
45.77 43.08 19.07 44.25 42.65 17.78 42.52 42.24 16.27
44.09 40.11 7.77 45.12 42.08 6.09 45.13 41.33 5.46
33.62 37.33 31.17 29.65 35.86 27.3 30.26 34.62 30.21
17.06 45.22 9.08 18 42.95 5.05 14.69 44.23 8.95
35.23 29.33 7.45 33.99 27.17 8.52 33.91 27.84 6.25
23.91 18.28 37 25.05 16.35 38.43 25.52 19.34 38.48
22.77 19.3 12.19 23.56 16.53 7.63 23.48 20.56 9.8
43.22 23.89 6.87 42.35 20.72 7.4 44.76 22.57 7.86
36.57 44.12 10.42 36.34 44.84 10.71 36.33 47.07 8.88
11.7 34.98 17.92 12.11 31.68 21.1 14.57 33.3 19.61
25.62 50.02 51.87 27.96 51.96 51.42 26.55 52.53 50.44
5.59 36.18 2.99 3.16 37.03 1.09 5.46 40.59 0.85
5.48 14.31 41.76 4.28 12.78 40.51 4.09 11.19 45.41
38.82 41.08 35.56 42.92 40.74 38.32 39.62 38.03 36.03
48 26.57 15.57 45.1 29.33 15.47 48.37 29.6 16.97
44.44 4.02 47.42 41.58 3.78 48.02 42.27 2.68 49.45
4.63 16.95 4.3 2.07 17.77 6.42 4.68 16.02 5.9
10.7 14.32 13.02 14.16 17.63 15.8 12.88 16.78 12.65
48 3.76 26.71 48.45 5.67 25.58 48.15 4.74 26.71
12.69 47.19 33.73 14.74 47.54 34.45 11.01 47.59 35.58
4.48 14.63 11.81 9.08 13.08 11.13 5.59 16.01 10.07
17.13 30.01 30.2 17.19 28.29 30.6 17.01 28.19 32.2
20.81 53.28 29.91 21.67 49.32 32.38 20.25 49.46 32.16
43.25 4.35 12.11 42.26 3.9 12.85 42.07 5.81 15.56
48.59 25.56 17.91 48.27 24.35 20.74 45.91 24.01 22.56
20.75 16.83 9.26 17.16 16.26 7.38 21.34 13.51 10.57
4.68 13.34 40.6 5.4 17.29 42.05 4.74 15.69 41.83
35.18 23.88 12.14 35.19 24.29 14.23 34.25 28.35 15.31
32.56 44.65 15.66 32.37 44.91 16.01 31.31 44.67 16.51
9.4 19.9 16.1 10.46 23.43 15.75 11.14 22.83 13.76
14.53 27.56 39.58 12.78 26.4 39.76 11.44 27.37 40.89
14.38 40.81 23.47 13.25 38.68 21.98 15.52 38.71 25.6
28.57 2.36 46.81 28.82 5.36 46.08 30.22 5.91 48.51
37.95 9.22 41.58 35.06 10.12 41.67 36.8 10.07 42.06
31.77 29.94 30.37 29.29 31 27.42 31.65 29.7 29.38
26.75 49.06 19.02 29.45 48.32 19.18 28.04 50.14 20.98
17.31 30.9 21.36 15.96 29.04 20.13 16.44 32.16 19.78
50.34 22.76 44.52 52.4 26.86 45.6 49.26 27.16 44.69
25.01 1.36 22.66 26.1 1.39 24.41 24.55 1.72 25.49
50.47 7.71 16.3 53.57 9.56 17.47 51.94 12.25 14.68
46.88 26.9 39.55 48.06 23.5 39.22 48.07 25.71 36.49
41 5.73 30.2 42.01 3.02 29.48 43.41 2.95 28.31
31.53 41.56 34.64 29.65 39.57 32.99 33.39 40.25 35.43
10.6 46.24 6.57 10.58 48.86 7.03 15.46 47.82 2.24
40.79 47.94 2.99 37.13 47.11 4 37.11 47.22 5.99
51.88 23.61 10.39 49.27 22.43 11.61 49.69 20.52 10.01
16.95 15.69 45.23 19.8 16.3 41.74 17.08 13.75 42.04
2.96 3.49 29.48 5.36 1.6 30.37 5.58 4.85 29.37
13.06 19.47 50.39 16.57 19.33 50.87 15.61 20.33 46.37
7.37 23.29 29.45 4.93 21.95 28.3 5.19 22.07 28.92
16.79 4.24 30 20.22 6.27 30.96 20.13 5.33 31.07
44.44 36.11 12.66 47.15 36.76 12.47 46.91 38.06 12.91
11.94 39.44 10.67 8.65 39.31 13.91 8.7 38.51 10.74
43.15 34.67 11.7 47.07 37.96 12.29 45.98 36.79 11.59
30.63 35.01 14.41 27.52 34.07 13.78 29.53 36.24 15.73
16.21 17.67 17.57 16.28 13.4 16.41 18.63 16.47 15.7
28.45 27.5 25.31 29.65 27.71 24.11 28.49 27.8 26.8
20.13 48.29 5.94 16.92 52.49 1.54 19.86 52.59 1.89
31.86 46.55 51.39 32.58 43.67 53.54 32.65 42.83 50.24
5.9 15.42 5.51 5.9 18.37 4.22 6.05 19.37 3.22
29.9 35.88 4.85 31.79 36.73 6.68 32.92 34.53 5.73
39.73 26.9 24.75 37.27 25.18 22.01 38.56 25.11 25.01
24.78 13.23 37.64 23.39 11.18 37.24 21.94 14.16 37.83
10.33 29.27 25.45 9.07 29.79 24.9 10.54 26.88 23.12
11.27 28.79 34.57 10.81 28.97 35.26 13.05 28.73 34.82
50.81 18.94 35.33 53.2 16.77 35.31 49.34 19.18 32.76
50.59 12.41 11.44 50.72 12.89 11.24 48.66 15.16 11.92
19.03 29.69 17.02 18.28 31.67 17.58 21.13 27.84 14.5
42.64 43.82 14.66 44.91 44.73 14.2 45.34 42.62 14.05
47.47 9.65 3.52 47.18 5.94 4.86 46.2 8.03 3.91
47.99 23.03 36.07 43.97 20.7 37.46 47.66 21.96 38.77
8.74 8.34 49.04 12.35 8.82 47.17 11.38 8.09 47.5
34.94 25.99 5.51 33.98 27.78 6.04 32.85 27.88 4.61
38.49 9.15 31.31 37.83 10.18 29.33 35.84 8.74 27.75
14.01 17.89 12.18 14.47 20.57 14.94 14.13 18.5 12.94
40.47 43.57 52.48 42.34 43.15 52.54 41.01 46.03 52.54
25.69 18.59 44.61 24.89 16.5 46.61 22.51 20.32 44.92
6.37 34.44 26.39 4.26 31.43 24.24 2.56 33.35 24.82
29.08 50.5 6.55 29.67 48.2 9.43 29.97 46 7.68
46.3 33.74 52.98 45.19 35.13 51.52 43.47 30.9 51.52
16.71 52.81 8.14 18.97 48.91 8.73 14.39 50.25 8.79
1.77 41.97 50.56 4.31 41.62 47.64 4.52 44.61 46.85
40.39 17.46 52.93 41.5 19.92 53.74 39.64 16.97 52.47
11.03 12.77 10.17 10.88 17.2 7.72 11.83 13.7 6.18
43.34 7.3 15.57 41.41 4.16 16.71 43.59 4 17.37
3.26 16.19 41.73 1.77 18.66 42.88 1.61 18.37 39.97
53.04 38.87 46.61 51.08 41.92 47.47 49.76 40.13 42.87
29.75 35.74 41.86 29.12 36.55 42.56 29.42 39.03 41.26
8.7 24.41 50.82 5.69 26.83 53.33 6.81 26.96 51.39
36.08 49.54 20.79 34.98 51.61 21.28 38.11 52.73 21.88
12.1 37.07 16.73 9.9 35.11 18.78 11.02 38.87 17.19
48.71 37.49 29.04 49.5 40.48 29.06 50.34 37.8 29.11
47.86 10.47 43.37 47.31 11.09 43.65 44.98 7.93 45.8
47.56 3.96 23.95 50.45 3.62 19.41 49.56 4.97 20.01
4.34 7.11 24.79 6.19 7.21 22.18 5.5 4.36 24.04
5.67 49.1 44.38 2.21 47.16 46.9 4.78 45.35 46.94
32.55 47.03 17.95 31.89 46.12 18.09 31.83 46.69 15.58
11.77 47.8 38.1 12.35 45.84 37.57 9.34 48.15 38.4
41.06 27.09 4.98 43.64 26.47 3.53 44.76 29.31 5.21
26.03 13.66 46.8 25 12.16 46.15 22.87 9.47 45.72
35.28 48.11 35.26 35.56 51.5 35.5 33.74 50.21 36.42
37.46 2.83 15.43 34.53 2.4 12.5 38.26 3.75 15.04
45.38 36.33 52.66 46.53 36.4 51.16 45.96 34.28 51.98
5.19 19.32 6.84 6.57 19.99 7.76 4.68 16.93 7.85
14.05 11.41 11.57 15.74 12.99 11.28 13.75 9.96 8.27
20.96 31.43 4.59 19.34 34.63 3.51 23.81 33.18 3.4
4.09 6.35 34.39 4.12 10.25 34.35 4.57 8.29 32.69
32.36 51.67 46.77 33.96 50.67 45.88 31.38 52.38 47.58
31.52 18.62 24.16 34.59 20.55 27.7 33.77 21.11 27.22
24.07 37.44 9.97 28.37 33.83 7.49 27.11 33.66 9.32
7.36 13.37 44.77 4.09 17.68 40.97 7.49 16.99 43.95
48.58 40.97 46.61 45.89 43.15 44.68 47.54 38.33 46.73
51.57 14.32 45.11 48.97 12.19 45.13 51.83 14.48 42.82
43.03 19.22 42.36 44.79 18.46 45.07 44.78 19.62 45.32
32.5 27.39 13.09 35.91 28.93 15.68 31.78 27.65 12.95
41.91 30.68 27.65 43.74 30.33 31.1 42.73 29.35 31.59
19.69 17.54 11.35 21.35 17.95 11.97 18.03 15.78 9.6
15.01 25.77 11.71 14.49 28.82 10.97 15.51 27.42 15.48
13.67 46.88 52.46 13.67 50.14 50.54 11.73 51.39 53.99
23.71 20.1 24.41 26.66 22.16 19.89 24.07 21.01 20.77
18 19.02 20.38 20.75 19.37 20.85 21.31 17.5 21.71
38.47 23.73 19.87 36.87 22.08 22.15 37.72 26.08 21.37
24.07 9.93 39.52 21.71 8.9 40.56 22.97 11.78 40.4
38.47 3.62 41.85 37.25 4.04 37.37 39.1 5.46 41.86
14.4 18.14 16.12 17.93 20.27 14 15.64 20.88 14.1
39.7 37.27 30.44 35.53 37.2 31.54 38.07 36.88 30.29
39.56 39.26 51.64 37.86 41.79 54.7 37.56 43.98 54.53
24.86 21.89 41.64 25.11 22.65 41.55 24.84 21.29 38.25
30.36 12.5 36.83 28.39 14.09 36.66 26.98 13.11 33.16
43.69 9.33 33.97 40.35 8.82 32.05 43.75 11.48 32.85
14.21 39.05 23.16 14.39 39.4 20.99 15.05 35.85 21.24
27.26 14.48 42.44 25.15 18.22 40.82 25.24 17.2 38.53
0.5 26.15 43.4 1.55 27.03 41.82 4.4 25.59 42.29
17.47 20.85 37 14.98 23.09 34.45 14.74 21.87 34.27
25.51 21.65 34.99 27.8 19.16 35.29 24.87 20.02 37.5
16.61 9.51 25.74 19.04 11.48 27.14 16.47 11.25 23.9
20.22 33.2 27.6 19.68 29.1 27.36 23.56 29.89 27.5
18.61 11.09 49.49 20.12 9.83 51 16.6 13.1 52.19
50.06 24.31 49.17 52.6 23.6 51.33 52.48 22.94 47.37
18.42 47.11 45.84 15.95 48.24 42.95 18.52 46.7 43.55
31.61 40.75 34.57 30.22 42.61 32.42 29 40.96 35.26
9.84 41.15 20.21 11.79 38.82 21.92 12.65 41.33 19.36
20.44 37.03 20.49 24.36 37.03 18.82 25.05 37.72 23.2
44.65 29.06 19.46 45.65 24.84 21.14 44.76 24.29 18.87
28.66 39.06 46.54 30.25 38.77 44.47 31.06 39.01 46.19
23.32 8.58 39.29 24.21 5.93 36.52 25.27 6.2 35.89
3.39 34.77 23.39 5.15 36.27 27.23 4.66 36.38 22.89
6.94 28.38 29.21 3.94 29.97 31.23 3.89 29.52 29.99
28.94 45.2 38.64 30.14 45.29 39.1 27.44 44.51 35.19
24.81 1.94 48.03 25.04 2.23 45.17 24.62 0.72 49.71
13.51 6.75 6.5 11.94 9.08 2.76 13.19 9.08 6.1
24.88 14.29 38.94 26.03 11.71 39.32 28.81 12.25 38.09
12.36 11.02 28.54 11.51 7.98 28.77 10.47 7.75 32.11
1.74 32.42 5.28 0.41 35.73 5.81 0.62 32.5 6.91
18.44 29.44 40.01 19.36 29.98 43.27 21.63 27.18 39.91
19.65 17.33 45.32 21.62 18.22 45.06 19.27 16.81 47.31
3.21 48.89 28.31 2.66 47.26 27.84 5.31 49.36 27.97
45.61 43.4 45.63 47.32 45.44 44.35 46.04 46.06 46.73
6.08 9.34 50.75 7.74 10.22 46.88 3.92 10.98 49.37
7.75 18.09 19 3.68 19.66 19.77 7.68 18.81 18.27
13.04 49.51 43.77 12.35 53.2 45.37 13.95 51.31 44.56
13.05 42.39 29.34 12.75 41.81 32.71 14.55 41.29 29.65
35.28 35.26 26.61 39.63 33.95 26.79 37.64 35.05 25.4
32.19 18.37 10.33 33.53 16.72 7.88 34.83 18.2 8.75
11.61 27.96 49.32 7.22 23.93 50.23 7.76 27.43 46.34
51.98 29.88 39.27 53.69 29.11 41.62 49.56 26.84 39.76
8.66 11.35 45.97 6.77 11.26 44.95 9.84 12.5 43.03
7.51 12.81 7.49 4.94 12.85 9.25 3.01 13.25 7.21
26.42 38.75 26.18 25.18 41.44 26.04 25.39 41.36 24.32
25.56 32.01 14.75 23 27.62 12.71 23.86 28.31 12.29
12.58 34.5 6.42 11.57 30.93 5.3 8.64 33.46 4.35
50.82 23.41 28.77 50.8 22 27.73 51.36 20.81 29.35
4.28 29.65 8.41 3.47 26.93 5.16 0.98 30.15 9.1
30.46 6.76 8.88 27.34 4.84 8.81 28.45 5.46 6.5
3.63 48.46 13.25 7.17 48.87 12.38 5.8 46.51 12.8
46.66 11.52 30.26 47.31 11.3 26.46 44.39 10.59 26.48
21.29 26.7 20.35 19.83 23.97 24.19 22.5 26.8 23.59
44.78 21.22 17.78 45.77 17.8 20.59 47.93 19.2 19.4
4.41 28.93 23.71 3.56 29.22 22.44 6.4 28.08 26.61
50.57 37.41 21.21 46.64 37.23 19.01 49.23 39.02 17.92
12.44 8.01 32.67 14.48 6.84 30.89 15.3 6.53 31.47
30.55 30.88 9.77 31.96 32.71 8.7 30.92 30.8 10.78
33.57 38.52 29.68 35.28 36.35 34.23 34.95 33.83 34.22
25.8 11.81 24.53 23.09 8.64 24.44 25.98 9.19 24.43
12.07 30.42 28.54 11.97 30.28 27.17 14.01 31.02 27.96
45.39 41.45 35.4 46.13 38.32 35.13 46.1 41.46 37.04
53.5 11.37 50.77 49.5 14.03 49.37 49.74 14.12 52.72
9.04 27.51 25.83 7.75 26.84 28.05 9.78 26.72 29.33
54.9 47.79 2.9 53.52 49.36 4.59 52.11 46.7 5.14
52.83 28.2 5.92 51.69 26.77 3.72 50.07 28.93 5.86
4.9 12.39 12.73 4.85 10.15 13.84 5.02 11.71 15.91
6.14 16.94 7.86 10.38 17.02 7.86 7.58 18.1 8.18
31.93 23.46 39.73 32.77 23.41 39.69 33.54 22.29 42.86
44.66 25.51 50.6 44.67 23.62 52.43 45.64 24.76 52.67
18.33 16.13 7.88 16.05 15.79 7.29 18.32 15.95 4.7
27.98 16.52 29.57 28.68 16.06 28.23 28.6 11.93 27.96
49.98 5.91 15.94 49.29 4.85 15.14 49.98 6.36 13.61
45.47 53.45 23.99 46.18 51.61 25.27 45.04 53.15 23.42
48.88 5.1 25.86 52.79 3.01 27.24 51.68 4.67 25.59
3.05 15.04 8.51 2.44 17.51 10.03 6.6 19.69 8.62
36.31 45.39 15.57 41.2 44.95 15.1 37.36 45.02 14.12
31.63 47.7 4.41 30.44 48.73 6.87 31.8 48.29 4.88
4.94 29.27 34.4 5.39 29.53 34.05 5.82 28.15 33.68
46.37 29.09 5.02 46.72 30.73 8.45 49.55 29.53 6.18
17.85 15.38 28.22 16.02 14.2 28.36 15.14 15.04 28.38
28.47 15.46 42 25.56 16.02 41.76 26.47 15.88 39.27
38.64 20.39 23.97 39.57 23.54 19.43 40.54 24 20.44
31.39 47.26 31.1 33.7 49.03 27.27 33.04 49.76 30.74
40.46 9.95 11.42 39.01 10.43 14.05 41.6 11.53 15.04
24.58 18.38 6.51 24.62 15.59 5.52 21.7 18.11 4.36
38.9 45.27 22.32 42.84 43.12 19.11 42.79 46.81 22.18
14.99 28.63 50.44 12.36 26.28 50.72 13.74 25.02 53.91
13.16 42.95 6 13.35 44.53 1.72 14.39 44.46 3.13
28.66 43.8 48.32 30.41 44.4 45.53 28.3 44.46 47.96
27.17 21.87 6.52 27.67 21.91 4.01 27.45 21.27 5.73
23.26 8.88 32.57 20.69 9.79 36.18 24.49 9.35 33.31
23.47 34.97 27.96 21.49 36.25 25.47 25.77 35.98 26.62
21.96 24.69 39.66 19.2 26.68 39.07 18.44 22.44 40.26
27.94 25.05 12.02 24.18 28 10.93 28.11 27.89 13.88
14.54 30.34 40.18 16.56 31.34 42.98 15.28 27.32 44.14
50.51 24.51 20.1 51.84 24.2 21.68 51.5 26.22 20.3
48.14 27.85 32.72 46.47 27.33 30.97 47.48 28.03 31.22
36.66 53.12 19.75 38.17 53.87 19.98 38.98 54.16 18.83
44.88 14.66 16.94 43.44 13.87 21.38 43.83 13.65 19.2
25.02 24.02 31.91 26.34 24.68 28.69 26.2 24 27.39
8.37 49.89 34.18 9.34 48.05 34.82 6.68 49.05 32.76
6.33 19.02 19.89 7.66 17.22 22.98 9.87 16.51 21.88
24.48 52.44 6.55 23.09 50.07 5.12 23.15 50.2 4.3
38.58 17.37 50.46 36.74 17.08 51.68 41.14 20.72 51.1
40.09 5.44 52.58 37.97 2.03 51.36 40.1 2.96 50.75
4.11 15.28 29.89 2.56 11.72 29.22 3.13 15.23 27.88
52.38 47.42 12.87 52.1 51.59 13.07 48.86 47.77 12.02
5.91 45.5 10.67 4.46 44.61 8.94 2.59 44.18 11.58
16.34 29.39 5.25 18 30.03 5.13 15.09 30.23 4.21
45.86 23.29 28 45.4 22.02 29.29 44.82 22.66 27.7
37.57 18.04 30.23 36.53 20.92 31.03 39.67 20.04 27.53
18.32 7.61 14.61 14.55 6.69 14.45 17.63 8.59 13.16
52.97 10.79 33.66 51.96 8.52 36.69 53.3 9.77 36.17
18.07 22.87 22.55 17.49 23.3 21.7 19.32 21.55 23.15
44.08 27.09 25.37 45.36 26.46 24.16 45.35 30.91 22.87
26.45 43.51 30.35 27.19 43.11 26.13 24.17 41.52 30.23
32.56 8.55 19.96 36.3 5.39 20.27 36.56 10.07 20.04
10.17 28.47 34.13 14.29 30.23 31.64 11.61 28.2 29.3
29.68 20.91 5.61 28.94 20.9 6.95 28.69 19.33 4.17
19.79 17.76 13.87 18.81 19.05 16.39 20.15 17.33 17.89
16.69 34.58 50.46 15.58 35.76 51.59 16.44 34.22 49.75
24.96 34.15 50.29 23.13 30.74 52.56 23.82 35.09 50.65
37.1 39.36 24.84 36.68 38.61 20.83 33.97 37.21 23.61
4.89 53.98 34.37 1.39 50.83 36.12 3.15 52.92 32.79
40.53 25.68 49.08 42.81 24.27 48.53 39.24 27.6 50.46
17.4 38.19 6.7 17.03 37.18 8.06 17.18 39.47 6.09
39.89 44.35 47.07 40.51 47.5 45.05 42.36 45.41 42.93
41 31.77 45.17 39.66 34.41 48.87 41.94 31.24 48.48
28.72 26.26 15.45 31.84 23.96 16.98 31.83 25.51 16.3
35.03 31.9 9.77 37.06 31.68 10.06 38.55 29.3 10.49
41.12 2.09 53 42.98 1.36 51.59 40.69 4.95 52.15
3.28 21.25 25.55 2.05 22.33 25.14 5.04 17.83 25.85
25.98 44.42 31.81 26.91 49.27 28.82 24.25 48.65 28.78
35.26 33.61 35.2 36.48 33.18 35.56 38.07 35.04 39.26
26.15 5.03 17.66 27.28 5.23 17.14 28.12 3.21 16.65
15.72 47.37 23.47 13.93 46.28 21.91 14.37 46.5 21.53
10.71 27.06 44.11 9.23 24.2 43.11 9.03 23.44 40.98
20.36 29.6 30.98 22.38 30 31.03 20.01 29.8 32.28
28.01 33.81 21.96 29.05 34.25 24.27 29.06 37.29 23.58
13.15 49.09 46.7 14.28 48.04 47.67 11.52 47.5 46.73
46.83 30.56 46 46.17 29.94 50.39 50.32 28.57 48.09
50.95 11.62 37.47 50.96 13.73 38.49 51.09 13 36.1
8.56 33.76 31.54 8.09 36.38 26.75 6.01 34.13 29.63
8.65 6.38 47.47 10.38 7.04 50.18 8.19 4.48 48.13
26.5 21.62 35.63 26.7 21.11 34.51 25.93 24.28 33.41
30.95 42.88 36.55 28.36 45.8 33.94 30.65 42.12 35.96
11.14 2.22 22.15 12.45 2.75 23.02 15.24 1.55 19.05
18.3 2.4 7.03 18.35 1.97 7.87 17.96 2.41 6.88
50.52 8.31 49.14 48.64 6.38 48.09 48.77 7.26 51.89
